{
  "nbformat": 4,
  "nbformat_minor": 0,
  "metadata": {
    "colab": {
      "name": "HW2.ipynb",
      "provenance": [],
      "collapsed_sections": [],
      "toc_visible": true
    },
    "kernelspec": {
      "name": "python3",
      "display_name": "Python 3"
    },
    "accelerator": "GPU"
  },
  "cells": [
    {
      "cell_type": "markdown",
      "metadata": {
        "id": "CPSqaNgZ5Cht",
        "colab_type": "text"
      },
      "source": [
        "#**Logistic Regression**#\n",
        "To help you better understand the pros and cons of first- and second-order methods,\n",
        "we will look at Logistic Regression as an example. \\\\\n"
      ]
    },
    {
      "cell_type": "markdown",
      "metadata": {
        "id": "pp7fKj9l7i_v",
        "colab_type": "text"
      },
      "source": [
        "**Step 1**: You already have the gradient descent algorithm (use the line search version from PA1). Now,\n",
        "code up the Newton’s method algorithm as well. Write a function using the format below:"
      ]
    },
    {
      "cell_type": "code",
      "metadata": {
        "id": "KFgovp0R7nek",
        "colab_type": "code",
        "colab": {}
      },
      "source": [
        "import timeit\n",
        "import time\n",
        "import numpy as np\n",
        "from scipy import special\n",
        "import matplotlib.pyplot as plt\n",
        "import math\n",
        "\n",
        "def gd_ls(f,fp,y,A,xinit,ss_init,maxit,tol):\n",
        "  \"\"\"\n",
        "  Note that ss changes to ss_init\n",
        "  ss_init is the starting stepsize for backtracking\n",
        "  \"\"\"\n",
        "  # Add your code here\n",
        "  count = 0\n",
        "  xList = []\n",
        "  xList.append(xinit)\n",
        "  stop = False\n",
        "  a = 1\n",
        "  b = .5\n",
        "  while not stop:\n",
        "    value = f(y, A, xList[count])\n",
        "    gradient = fp(y, A, xList[count])\n",
        "    t = ss_init\n",
        "    while f(y, A, np.subtract(xList[count], (t*gradient))) > value - a/2*t*math.pow(np.linalg.norm(gradient, 2),2):\n",
        "      t = b*t\n",
        "    update = np.subtract(xList[count], (t*gradient))\n",
        "    xList.append(update)\n",
        "    count+=1\n",
        "    #print(xList[count])\n",
        "    #print(value)\n",
        "    #print(f(y, A, xList[count]))\n",
        "    if count >= maxit:\n",
        "      print(\"maxit\")\n",
        "      break\n",
        "    elif abs((f(y, A, xList[count])-value)/value) < tol:\n",
        "      print(\"convergence\")\n",
        "      break\n",
        "  return xList[count], count\n",
        "\n",
        "def gd_ls_graph(f,fp,y,A,xinit,ss_init,maxit,tol):\n",
        "  \"\"\"\n",
        "  Note that ss changes to ss_init\n",
        "  ss_init is the starting stepsize for backtracking\n",
        "  \"\"\"\n",
        "  # Add your code here\n",
        "  count = 0\n",
        "  xList = []\n",
        "  xList.append(xinit)\n",
        "  coef = []\n",
        "  stop = False\n",
        "  a = 1\n",
        "  b = .5\n",
        "  while not stop:\n",
        "    value = f(y, A, xList[count])\n",
        "    gradient = fp(y, A, xList[count])\n",
        "    t = ss_init\n",
        "    while f(y, A, np.subtract(xList[count], (t*gradient))) > value - a/2*t*math.pow(np.linalg.norm(gradient, 2),2):\n",
        "      t = b*t\n",
        "    update = np.subtract(xList[count], (t*gradient))\n",
        "    xList.append(update)\n",
        "    coef.append(update[0])\n",
        "    count+=1\n",
        "    if count >= maxit:\n",
        "      print(\"maxit\")\n",
        "      break\n",
        "    elif abs((f(y, A, xList[count])-value)/value) < tol:\n",
        "      print(\"convergence\")\n",
        "      break\n",
        "  return xList[count], xList, coef, count,\n",
        "\n",
        "def gd_const_graph(f,fp,y,A,xinit,ss,maxit,tol):\n",
        "  \"\"\"\n",
        "  f is the handle for the minimization objective\n",
        "  fp is the handle for the gradient\n",
        "  y is the input observation vector\n",
        "  A is the input matrix of covariates\n",
        "  x_init is the initalized value of the regression coefficient\n",
        "  ss is the constant step size\n",
        "  maxit and tol help you terminate the iterations\n",
        "  \"\"\"\n",
        "  # Add your code here\n",
        "  count = 0\n",
        "  xList = []\n",
        "  xList.append(xinit)\n",
        "  objList = []\n",
        "  coef = []\n",
        "  stop = False\n",
        "  while not stop:\n",
        "    value = f(y, A, xList[count])\n",
        "    print(value)\n",
        "    gradient = fp(y, A, xList[count])\n",
        "    objList.append(value)\n",
        "    update = np.subtract(xList[count], (ss*gradient))\n",
        "    xList.append(update)\n",
        "    coef.append(update[0])\n",
        "    count+=1\n",
        "    if count >= maxit:\n",
        "      print(\"maxit\")\n",
        "      break\n",
        "    elif abs((f(y, A, xList[count])-value)/value) < tol:\n",
        "      print(\"convergence\")\n",
        "      break\n",
        "  return coef, objList, count\n",
        "\n",
        "def nt(f,fp,fpp,y,A,xinit,maxit,tol):\n",
        "  \"\"\"\n",
        "  f is the handle for the minimization objective\n",
        "  fp is the handle for the gradient\n",
        "  y is the input observation vector\n",
        "  A is the input matrix of covariates\n",
        "  x_init is the initalized value of the regression coefficient\n",
        "  ss is the constant step size\n",
        "  maxit and tol help you terminate the iterations\n",
        "  \"\"\"\n",
        "  # Add your code here\n",
        "  count = 0\n",
        "  xList = []\n",
        "  xList.append(xinit)\n",
        "  objList = []\n",
        "  stop = False\n",
        "  while not stop:\n",
        "    value = f(y, A, xList[count])\n",
        "    gradient = fp(y, A, xList[count])\n",
        "    objList.append(value)\n",
        "    update = np.subtract(xList[count], np.matmul(np.linalg.inv(fpp(y, A, xList[count])),gradient))\n",
        "    xList.append(update)\n",
        "    count+=1\n",
        "    if count >= maxit:\n",
        "      print(\"maxit\")\n",
        "      break\n",
        "    elif abs((f(y, A, xList[count])-value)/value) < tol:\n",
        "      print(\"convergence\")\n",
        "      break\n",
        "  return xList[count], xList, objList, count\n"
      ],
      "execution_count": 0,
      "outputs": []
    },
    {
      "cell_type": "markdown",
      "metadata": {
        "id": "-FtK3x9_73ui",
        "colab_type": "text"
      },
      "source": [
        "**Note**: we will implement the basic version of Newton’s method (not BFGS or L-BFGS). We will also\n",
        "use the basic method to implement the Newton step by inverting the Hessian using np.linalg.inv.\n",
        "There are more efficient ways to do this inversion, but for the purpose of this assignment, do **NOT** use\n",
        "other ways even if you know them. The convergence criterion is the same as that in PA1."
      ]
    },
    {
      "cell_type": "markdown",
      "metadata": {
        "id": "Z5M9CmXSYJle",
        "colab_type": "text"
      },
      "source": [
        "*Answer the questions and discuss your findings here*\n"
      ]
    },
    {
      "cell_type": "markdown",
      "metadata": {
        "id": "5XzI3c1Y8qyk",
        "colab_type": "text"
      },
      "source": [
        "**Step 2**: Code the objective function, the gradient, and the **Hessian** (you can use the Python lambda\n",
        "tool just like in PA1, or the regular function environment if you don’t like that). As a reminder, logistic\n",
        "regression has the following model\n",
        "$$y_i \\in \\{0,1\\}, \\quad p(y_i = 1) = \\text{sigmoid}(\\mathbf{a}_i^T \\mathbf{x}) =  \\frac{1}{1+e^{-\\mathbf{a}_i^T \\mathbf{x}}}, \\quad p(y_i=0) = 1 - p(y_i = 1).$$\n",
        "The likelihood can be written as \n",
        "$$p(y_i \\,|\\, \\mathbf{a}_i^T \\mathbf{x}) = p(y_i = 1 \\, | \\, \\mathbf{a}_i^T \\mathbf{x})^y_i \\cdot p(y_i = 0 \\, | \\, \\mathbf{a}_i^T \\mathbf{x})^{1-y_i} $$\n",
        "So we are solving the following optimization problem that minimizes the total negative log-likelihood\n",
        "minimize \\\\\n",
        "$$\\underset{\\mathbf{x}}{\\text{minimize}} \\quad \\quad  - \\sum_{i=1}^M (y_i \\log \\frac{1}{1+e^{-\\mathbf{a}_i^T \\mathbf{x}}} + (1-y_i) \\log \\frac{1}{1+e^{\\mathbf{a}_i^T \\mathbf{x}}}),$$\n",
        "or equivalently \n",
        "$$minimize_{\\mathbf{x}} \\sum_{i=1}^{M}\\log({1+e^{-(2y_i-1)a_i^T \\mathbf{x}}})$$\n",
        "where $y_i$ is the $i^{th}$ entry of the observation vector $\\mathbf{y}$ and $\\mathbf{a}_i$ is a column vector corresponding to the $i^{th}$ row of the matrix of covariates **A**.\n"
      ]
    },
    {
      "cell_type": "code",
      "metadata": {
        "id": "idDw8frDX8AV",
        "colab_type": "code",
        "colab": {}
      },
      "source": [
        "def objective(y, A, x):\n",
        "  return np.sum(np.log(1+np.exp(-1*(2*y-1)*np.dot(A,x))))\n",
        "\n",
        "def sigmoid(A, x):\n",
        "  s1 = 1+ np.exp(np.dot(-1*A,x))\n",
        "  s2 = 1/s1\n",
        "  return s2\n",
        "\n",
        "def gradient(y, A, x):\n",
        "  return np.sum((1/(1+np.exp(-((2*y)-1)*np.dot(A,x)))*(np.negative((2*y-1)*A))*np.exp(-((2*y)-1)*np.dot(A,x))), 0)[:, np.newaxis]\n",
        "                                                                                          \n",
        "def hessian(y, A, x):\n",
        "  print(\"hi\")\n",
        "  count = 0\n",
        "  hesh = 0\n",
        "  while count < len(A):\n",
        "    yi = y[count]\n",
        "    ai = A[count, :]\n",
        "    xi = np.matmul(np.transpose(ai), x)\n",
        "    term = (math.pow((2*yi-1),2)*np.exp((2*yi-1)*xi))\n",
        "    term2 = (1/(np.exp((2*yi-1)*xi)+1))\n",
        "    term = (term*term2)*(term2)*np.dot(ai[:,np.newaxis], np.transpose(ai[:,np.newaxis]))\n",
        "    count+=1\n",
        "    hesh = hesh + term\n",
        "  return hesh"
      ],
      "execution_count": 0,
      "outputs": []
    },
    {
      "cell_type": "markdown",
      "metadata": {
        "id": "-CtiLhndYLAK",
        "colab_type": "text"
      },
      "source": [
        "I struggled while trying to write the hessian without a loop. Is it possible? I decided to use a loop inorder to continue the project however I would like to see if there is a more optimal solution."
      ]
    },
    {
      "cell_type": "markdown",
      "metadata": {
        "id": "dcIk0dJi8wAc",
        "colab_type": "text"
      },
      "source": [
        "**Step 3**: Generate data. Set numpy’s random seed to 0. Then, generate the matrix of covariates\n",
        "**A** $\\in \\mathbb{R}^{M \\times N}$, which has i.i.d. entries distributed as N (0, 1). Use the same method, generate the\n",
        "regression coefficient vector $\\mathbf{x}$ $\\in$ $\\mathbb{R}^N$ as well. Then, generate the observation vector $\\mathbf{y} \\in \\{0, 1\\}^M$ using\n",
        "np.random.binomial()."
      ]
    },
    {
      "cell_type": "code",
      "metadata": {
        "id": "niRn-hOtX9GM",
        "colab_type": "code",
        "outputId": "249dfe4e-e3b8-4a03-a161-3b6a432f5201",
        "colab": {
          "base_uri": "https://localhost:8080/",
          "height": 1000
        }
      },
      "source": [
        "np.random.seed(0)\n",
        "M= 100\n",
        "N= 20\n",
        "\n",
        "A = np.random.normal(0, 1, (M,N))\n",
        "x = np.random.normal(0, 1, (N,1))\n",
        "y = np.random.binomial(1, sigmoid(A,x), (M,1))\n",
        "\n",
        "z = hessian(y, A, x)\n",
        "\n",
        "#print(sigmoid(A,x))\n",
        "\n",
        "#print(A)\n",
        "#print('---')\n",
        "#print(x)\n",
        "#print('---')\n",
        "#print(y)\n",
        "#print('---')\n",
        "\n",
        "#plt.hist(A)\n",
        "#plt.show()\n",
        "maxit = 10000\n",
        "tol = 1e-15"
      ],
      "execution_count": 0,
      "outputs": [
        {
          "output_type": "stream",
          "text": [
            "[[ 7.77459786e+00 -9.73289389e-01 -7.94142099e-01  3.96772430e-01\n",
            "  -1.44709493e+00  1.69919277e-01  5.00814685e-01  7.79331909e-01\n",
            "   2.25007891e+00  1.10504627e+00  1.39336278e+00 -4.31714911e-01\n",
            "  -1.05636223e-01  1.87208703e+00  1.06769270e+00  2.28213632e-01\n",
            "  -3.76466192e-01  1.19234627e-01 -1.21223443e+00  1.26521009e+00]\n",
            " [-9.73289389e-01  7.45585113e+00  1.36552730e+00  5.92187938e-01\n",
            "   8.58856640e-01 -5.29625989e-01 -1.27099643e-01 -1.05891652e+00\n",
            "   1.33261448e+00  5.35958868e-01  1.63371612e+00  2.54528178e-01\n",
            "   1.37853383e+00  3.79210283e-01 -3.29561680e-02 -5.49098865e-01\n",
            "  -7.98495753e-01  1.00672933e+00 -1.96919846e+00 -9.05234311e-01]\n",
            " [-7.94142099e-01  1.36552730e+00  5.90011880e+00 -1.36723467e+00\n",
            "   5.61600477e-01  8.92514812e-01  1.83431470e-01 -8.37975738e-01\n",
            "  -3.75074980e-01  4.07994807e-01  1.95444046e+00 -4.76976369e-01\n",
            "  -1.39355169e-01 -2.99777470e-01  6.03552326e-01 -1.69832145e-01\n",
            "   1.16713499e-01 -5.38506484e-01  2.18991356e-01  2.42508678e-01]\n",
            " [ 3.96772430e-01  5.92187938e-01 -1.36723467e+00  8.32179436e+00\n",
            "  -8.11838510e-01  5.97164543e-03 -1.21687698e+00  2.08644747e+00\n",
            "   1.15452731e+00 -2.38206790e-01  2.85645429e-02  6.55843917e-01\n",
            "   4.80236529e-01  1.35717173e-01 -3.51342719e-01  9.61858241e-01\n",
            "   7.61503816e-02 -5.43698167e-01 -2.75757565e+00 -1.06957026e+00]\n",
            " [-1.44709493e+00  8.58856640e-01  5.61600477e-01 -8.11838510e-01\n",
            "   6.86166049e+00 -2.73370788e-01  5.20669381e-01  1.07078821e+00\n",
            "  -1.80434928e+00 -8.46177957e-01 -3.32608223e-01  1.20166780e+00\n",
            "   1.56027057e-01 -1.39342204e+00  7.14674334e-01 -1.31162699e+00\n",
            "   8.60271783e-01  1.33218328e+00 -4.88714809e-01 -7.66253386e-01]\n",
            " [ 1.69919277e-01 -5.29625989e-01  8.92514812e-01  5.97164543e-03\n",
            "  -2.73370788e-01  7.22946779e+00 -1.24588048e-01 -1.19231093e-01\n",
            "   5.53310953e-01  9.26136770e-01  1.33697759e+00  7.55704831e-01\n",
            "  -2.12931163e-01  1.68724904e+00 -3.77524677e-01  5.95666910e-01\n",
            "   6.83162424e-01 -5.24667538e-01 -4.18555609e-01  1.13156821e+00]\n",
            " [ 5.00814685e-01 -1.27099643e-01  1.83431470e-01 -1.21687698e+00\n",
            "   5.20669381e-01 -1.24588048e-01  5.43545990e+00  3.57662696e-01\n",
            "  -3.11281228e-01 -6.23082651e-01 -3.82860409e-01 -2.21452458e+00\n",
            "   7.72437026e-01  2.28527149e+00  7.56759829e-01 -1.66626194e-01\n",
            "  -8.13339002e-01 -2.21071936e-02 -2.56035784e-01 -4.38305153e-01]\n",
            " [ 7.79331909e-01 -1.05891652e+00 -8.37975738e-01  2.08644747e+00\n",
            "   1.07078821e+00 -1.19231093e-01  3.57662696e-01  8.38316519e+00\n",
            "  -1.43377819e+00  3.19204849e-01 -1.72511582e+00 -4.16165476e-02\n",
            "   8.72181386e-01  1.17576274e+00  1.38007544e+00 -3.21266013e-01\n",
            "  -4.08307048e-02 -8.31601516e-01 -2.19050886e+00 -3.06662877e-01]\n",
            " [ 2.25007891e+00  1.33261448e+00 -3.75074980e-01  1.15452731e+00\n",
            "  -1.80434928e+00  5.53310953e-01 -3.11281228e-01 -1.43377819e+00\n",
            "   8.49917650e+00 -5.00313952e-01  2.23775787e+00  1.48744139e-02\n",
            "   4.89500855e-01  1.42198875e+00  9.31001562e-01  2.00139712e+00\n",
            "  -9.31640509e-01  8.49765380e-01 -1.61095884e-01 -9.75724661e-01]\n",
            " [ 1.10504627e+00  5.35958868e-01  4.07994807e-01 -2.38206790e-01\n",
            "  -8.46177957e-01  9.26136770e-01 -6.23082651e-01  3.19204849e-01\n",
            "  -5.00313952e-01  6.61356487e+00  1.28191370e-01  8.76479608e-01\n",
            "   8.96876977e-01  6.79086138e-01 -5.20443602e-01  4.57964977e-01\n",
            "  -1.89104490e-01  9.95610173e-01  9.37941051e-01  1.17779475e+00]\n",
            " [ 1.39336278e+00  1.63371612e+00  1.95444046e+00  2.85645429e-02\n",
            "  -3.32608223e-01  1.33697759e+00 -3.82860409e-01 -1.72511582e+00\n",
            "   2.23775787e+00  1.28191370e-01  7.46737730e+00 -6.17820410e-01\n",
            "  -1.71725849e+00  4.16911049e-01 -4.55969670e-01 -7.49148299e-01\n",
            "  -4.45488107e-02  5.50956525e-01 -4.50117429e-01  5.06517718e-01]\n",
            " [-4.31714911e-01  2.54528178e-01 -4.76976369e-01  6.55843917e-01\n",
            "   1.20166780e+00  7.55704831e-01 -2.21452458e+00 -4.16165476e-02\n",
            "   1.48744139e-02  8.76479608e-01 -6.17820410e-01  8.21476598e+00\n",
            "  -8.79021960e-01 -7.94692234e-01 -3.66839066e-02 -2.07001504e-01\n",
            "   8.10646587e-02  1.06882844e+00 -1.20661469e+00  9.24471495e-01]\n",
            " [-1.05636223e-01  1.37853383e+00 -1.39355169e-01  4.80236529e-01\n",
            "   1.56027057e-01 -2.12931163e-01  7.72437026e-01  8.72181386e-01\n",
            "   4.89500855e-01  8.96876977e-01 -1.71725849e+00 -8.79021960e-01\n",
            "   6.36514032e+00  1.06412893e+00  1.20124257e-01  1.07810229e+00\n",
            "  -1.32284227e+00 -3.64142537e-02 -5.52990550e-01 -7.85753562e-01]\n",
            " [ 1.87208703e+00  3.79210283e-01 -2.99777470e-01  1.35717173e-01\n",
            "  -1.39342204e+00  1.68724904e+00  2.28527149e+00  1.17576274e+00\n",
            "   1.42198875e+00  6.79086138e-01  4.16911049e-01 -7.94692234e-01\n",
            "   1.06412893e+00  7.74757515e+00 -2.84056676e-01  4.10995171e-01\n",
            "  -1.54518539e-01 -8.21144235e-01  1.86945859e-01 -1.15634963e+00]\n",
            " [ 1.06769270e+00 -3.29561680e-02  6.03552326e-01 -3.51342719e-01\n",
            "   7.14674334e-01 -3.77524677e-01  7.56759829e-01  1.38007544e+00\n",
            "   9.31001562e-01 -5.20443602e-01 -4.55969670e-01 -3.66839066e-02\n",
            "   1.20124257e-01 -2.84056676e-01  6.64175680e+00  2.69603859e-01\n",
            "  -5.45253313e-02  4.74740176e-01 -8.12313930e-02 -3.67623964e-01]\n",
            " [ 2.28213632e-01 -5.49098865e-01 -1.69832145e-01  9.61858241e-01\n",
            "  -1.31162699e+00  5.95666910e-01 -1.66626194e-01 -3.21266013e-01\n",
            "   2.00139712e+00  4.57964977e-01 -7.49148299e-01 -2.07001504e-01\n",
            "   1.07810229e+00  4.10995171e-01  2.69603859e-01  4.48496239e+00\n",
            "  -2.79587167e-01 -2.12940086e-01  5.59507439e-03  3.27381143e-01]\n",
            " [-3.76466192e-01 -7.98495753e-01  1.16713499e-01  7.61503816e-02\n",
            "   8.60271783e-01  6.83162424e-01 -8.13339002e-01 -4.08307048e-02\n",
            "  -9.31640509e-01 -1.89104490e-01 -4.45488107e-02  8.10646587e-02\n",
            "  -1.32284227e+00 -1.54518539e-01 -5.45253313e-02 -2.79587167e-01\n",
            "   4.55452931e+00 -1.26831297e+00  1.05311867e+00  7.51761787e-01]\n",
            " [ 1.19234627e-01  1.00672933e+00 -5.38506484e-01 -5.43698167e-01\n",
            "   1.33218328e+00 -5.24667538e-01 -2.21071936e-02 -8.31601516e-01\n",
            "   8.49765380e-01  9.95610173e-01  5.50956525e-01  1.06882844e+00\n",
            "  -3.64142537e-02 -8.21144235e-01  4.74740176e-01 -2.12940086e-01\n",
            "  -1.26831297e+00  6.91033406e+00  4.00836755e-01 -6.04125503e-01]\n",
            " [-1.21223443e+00 -1.96919846e+00  2.18991356e-01 -2.75757565e+00\n",
            "  -4.88714809e-01 -4.18555609e-01 -2.56035784e-01 -2.19050886e+00\n",
            "  -1.61095884e-01  9.37941051e-01 -4.50117429e-01 -1.20661469e+00\n",
            "  -5.52990550e-01  1.86945859e-01 -8.12313930e-02  5.59507439e-03\n",
            "   1.05311867e+00  4.00836755e-01  4.94671967e+00  6.11959447e-01]\n",
            " [ 1.26521009e+00 -9.05234311e-01  2.42508678e-01 -1.06957026e+00\n",
            "  -7.66253386e-01  1.13156821e+00 -4.38305153e-01 -3.06662877e-01\n",
            "  -9.75724661e-01  1.17779475e+00  5.06517718e-01  9.24471495e-01\n",
            "  -7.85753562e-01 -1.15634963e+00 -3.67623964e-01  3.27381143e-01\n",
            "   7.51761787e-01 -6.04125503e-01  6.11959447e-01  5.15584117e+00]]\n",
            "(20, 20)\n"
          ],
          "name": "stdout"
        }
      ]
    },
    {
      "cell_type": "markdown",
      "metadata": {
        "id": "qnShPAW-YL8s",
        "colab_type": "text"
      },
      "source": [
        "*Answer the questions and discuss your findings here*\n"
      ]
    },
    {
      "cell_type": "markdown",
      "metadata": {
        "id": "J5dZkzgGXEKo",
        "colab_type": "text"
      },
      "source": [
        "**Step 4**: Run your code. Apply both algorithms to the logistic regression objective. The algorithm\n",
        "parameters (maxit and tol) should be the same as that in PA1. Note that for logistic regression,\n",
        "it could be difficult to choose the ss_init parameter. For this assignment, we will set it to be 400\n",
        "divided by the square of the maximum singular value of the matrix **A**."
      ]
    },
    {
      "cell_type": "code",
      "metadata": {
        "id": "-o9F_2ciX9x4",
        "colab_type": "code",
        "outputId": "62a1b313-e58d-4b3d-c729-835857562d5d",
        "colab": {
          "base_uri": "https://localhost:8080/",
          "height": 1773
        }
      },
      "source": [
        "xIn = x\n",
        "ss_init = 400/math.pow((np.amax(A)), 2)\n",
        "xFin, xList, values, count= nt(objective,gradient, hessian,y,A,xIn,maxit,tol)\n",
        "print(xFin)\n",
        "plt.plot(range(0,count), values)\n",
        "\n",
        "\n",
        "plt.show()\n",
        "\n",
        "plt.plot(range(0,count+1), np.squeeze(xList))\n",
        "\n",
        "plt.show()\n",
        "\n",
        "xFin, xList, values, count= gd_ls_graph(objective,gradient,y,A,xIn, ss_init, maxit,tol)\n",
        "print(xFin)\n",
        "plt.plot(range(0,count), values)\n",
        "\n",
        "\n",
        "plt.show()\n",
        "\n",
        "plt.plot(range(0,count+1), np.squeeze(xList))\n",
        "\n",
        "plt.show()"
      ],
      "execution_count": 0,
      "outputs": [
        {
          "output_type": "stream",
          "text": [
            "convergence\n",
            "[[-2.60306755]\n",
            " [-1.88156986]\n",
            " [ 0.75199864]\n",
            " [-1.97358813]\n",
            " [-1.12304669]\n",
            " [-0.37503633]\n",
            " [-1.84714497]\n",
            " [-1.04104492]\n",
            " [ 1.20379471]\n",
            " [ 0.51733944]\n",
            " [-0.64446334]\n",
            " [-0.87598462]\n",
            " [ 1.74315912]\n",
            " [ 1.61690774]\n",
            " [ 0.7198775 ]\n",
            " [-2.4220529 ]\n",
            " [ 1.44830567]\n",
            " [ 1.09812547]\n",
            " [-4.08131491]\n",
            " [ 0.65243035]]\n"
          ],
          "name": "stdout"
        },
        {
          "output_type": "display_data",
          "data": {
            "image/png": "iVBORw0KGgoAAAANSUhEUgAAAXQAAAD8CAYAAABn919SAAAABHNCSVQICAgIfAhkiAAAAAlwSFlz\nAAALEgAACxIB0t1+/AAAADl0RVh0U29mdHdhcmUAbWF0cGxvdGxpYiB2ZXJzaW9uIDMuMC4zLCBo\ndHRwOi8vbWF0cGxvdGxpYi5vcmcvnQurowAAG5dJREFUeJzt3X10VfW95/H3N8kJSXgKgQAxCQRE\n0UAVyNHa8Qnx2eLD1MK6XXNdnQfLrbVdeutM57YzFTvTdt25vWN7p7PunXEV7/Wu8bZXBJ+t1ipX\nRVs0QUAeVFBBEsAECM8IJPnOH2dHIpKcQ8jJPnufz2utLE722Sf5LJfrc3Z+3332NndHRESiryDs\nACIiMjBU6CIiMaFCFxGJCRW6iEhMqNBFRGJChS4iEhMqdBGRmFChi4jERNpCN7MSM3vDzFab2Toz\n+1Gw/WEze9fM1prZg2aWyH5cERHpjaX7pKiZGTDU3Q8Epb0cuAuoAH4b7PZPwCvu/nd9/awxY8Z4\nXV3daYcWEcknTU1NO929Mt1+Rel28FTjHwi+TQRf7u7Pdu9jZm8ANel+Vl1dHY2Njel2ExGRHsxs\nSyb7ZbSGbmaFZrYKaAVecPcVPZ5LALcBz/Xy2gVm1mhmjW1tbZn8OhER6YeMCt3dO919Bqmj8AvN\nbHqPp/+W1HLLq7289gF3T7p7srIy7V8MIiLST6d0lou77wGWAdcBmNlCoBL47sBHExGRU5HJWS6V\nZlYePC4FrgbeMbPbgWuBr7l7V3ZjiohIOmmHokAV8JCZFZJ6A3jE3Z82sw5gC/CH1IkwLHX3/5a9\nqCIi0pdMznJZA8w8yfZM3gxERGSQ6JOiIiIxEYlCf3VjG3/7L5vCjiEiktMiUejLN+7k/t+9R9v+\nI2FHERHJWZEo9HnJGjq6nMffagk7iohIzopEoU8ZO5yZE8p5pHEr6a49IyKSryJR6ADzk7VsbD3A\n6ua9YUcREclJkSn0uedVUZIo4JHGrWFHERHJSZEp9OElCW6YXsVTq7Zx+Ghn2HFERHJOZAodYF6y\nlv1HOnh+3Y6wo4iI5JxIFfoXJ1VQW1GqZRcRkZOIVKEXFBjzGmp5/f1dbN19KOw4IiI5JVKFDnBr\nQw1m8GhTc9hRRERySuQKvbq8lEumjOHRpma6unROuohIt8gVOqSGoy17DvOHD3aFHUVEJGdEstCv\nqR/HiJIiDUdFRHqIZKGXJAq5eUY1z63dwd7Dx8KOIyKSEyJZ6JC6FMCRji6eWr0t7CgiIjkhsoU+\nvXoE54wfzmItu4iIABEudDNjXrKW1c17eXfH/rDjiIiELrKFDnDLjDNIFJqO0kVEiHihjx42hKvO\nHcdjb7VwrLMr7DgiIqGKdKFD6m5Guw4e5aV3WsOOIiISqsgX+mVnVTJ2+BAtu4hI3ktb6GZWYmZv\nmNlqM1tnZj8Ktk8ysxVmtsnM/tnMirMf9/OKCgu4taGGZe+20br/kzAiiIjkhEyO0I8Ac9z9fGAG\ncJ2ZXQT8D+Dn7j4FaAf+Q/Zi9m1eQw2dXc5jK3UTaRHJX2kL3VMOBN8mgi8H5gCPBtsfAm7JSsIM\nTK4cRnLiKN1EWkTyWkZr6GZWaGargFbgBeB9YI+7dwS7NAPV2YmYmfnJWt5vO8jKj/aEGUNEJDQZ\nFbq7d7r7DKAGuBA4J9NfYGYLzKzRzBrb2tr6GTO9G86rojRRyKNNGo6KSH46pbNc3H0PsAz4ElBu\nZkXBUzXASRew3f0Bd0+6e7KysvK0wvZl2JAivnxeFU+t3s6hox3pXyAiEjOZnOVSaWblweNS4Gpg\nA6li/2qw29eBJ7IVMlPzGmo4cKSD59bqJtIikn8yOUKvApaZ2RrgTeAFd38a+M/Ad81sEzAaWJS9\nmJm5cFIFdaPLdJ10EclLRel2cPc1wMyTbP+A1Hp6zui+YNfPnn+Xj3YdYsLosrAjiYgMmsh/UvRE\nX5lVTYGh4aiI5J3YFXrVyFIuPauSR5ua6dRNpEUkj8Su0CF1Tvq2vZ/w2qadYUcRERk0sSz0q+rH\nUl6WYHFTc9hRREQGTSwLfUhRIbfMqOb5dTvYc+ho2HFERAZFLAsdUtdJP9rRxZO6ibSI5InYFvq0\nM0ZSXzWCxY1adhGR/BDbQgeYn6zh7Za9rN+2L+woIiJZF+tCv3lGNcWFBSzWOekikgdiXeijhhZz\ndf04Hn+rhaMduom0iMRbrAsdUsPR9kPHeHHDx2FHERHJqtgX+qVnVTJ+RIku2CUisRf7Qi8sMG5t\nqObl99r4eJ9uIi0i8RX7QgeY11BLl8OSlTqFUUTiKy8KvW7MUC6cVMGjjc26ibSIxFZeFDqk7mb0\nwc6DNG1pDzuKiEhW5E2h3/CFKoYWF2o4KiKxlTeFPnRIEXPPO4Nn1mzn4BHdRFpE4idvCh1S56Qf\nPNrJs29vDzuKiMiAy6tCb5g4isljhuqCXSISS3lV6N03kX5j824+3Hkw7DgiIgMqrwoddBNpEYmv\nvCv0cSNKmD11LEuaWnQTaRGJlbwrdEidk75j3ye8urEt7CgiIgMmbaGbWa2ZLTOz9Wa2zszuCrbP\nMLM/mtkqM2s0swuzH3dgXHnuOCqGFms4KiKxkskRegdwj7vXAxcBd5pZPfBXwI/cfQZwb/B9JBQX\nFXDLjGpeWP8x7Qd1E2kRiYe0he7u2919ZfB4P7ABqAYcGBHsNhKI1N2Y5yVrONrZxROrWsKOIiIy\nIE5pDd3M6oCZwArgbuBnZrYV+Gvg+728ZkGwJNPY1pY7a9bnVo3gC9UjeUTLLiISExkXupkNA5YA\nd7v7PuAO4M/dvRb4c2DRyV7n7g+4e9Ldk5WVlQORecDMT9awfvs+1rbsDTuKiMhpy6jQzSxBqswf\ndvelweavA92PFwORGYp2u+n8aoqLCni0SUfpIhJ9mZzlYqSOvje4+/09ntoGXB48ngNsHPh42TWy\nLMG108bz+KoWjnR0hh1HROS0ZHKEfjFwGzAnOEVxlZndAHwD+J9mthr4KbAgizmzZn6yhj2HjvH7\n9a1hRxEROS1F6XZw9+WA9fJ0w8DGGXz/6swxnDEydRPpL59XFXYcEZF+y8tPivZUWGB8taGGVza2\nsX3v4bDjiIj0W94XOsBXG2pxh6UrdU66iESXCh2YMLqMiyZX8EjjVt1EWkQiS4UemJ+sZcuuQ7zx\n4e6wo4iI9IsKPXD99CqGDSlisc5JF5GIUqEHSosLufH8Kp5Zs50Duom0iESQCr2HeclaDh/r5Jk1\nkbrOmIgIoEL/jJm15UwZO0zXSReRSFKh92BmzGuooXFLO++3HQg7jojIKVGhn+Bfz6qmsMB0lC4i\nkaNCP8HY4SVcMXUsS1c209HZFXYcEZGMqdBPYl6yhtb9R3hFN5EWkQhRoZ/EnHPGMmaYbiItItGi\nQj+JRGHqJtK/3/Axuw4cCTuOiEhGVOi9mJes5Vin8/gqnZMuItGgQu/F1PHDOb+2nMW6YJeIRIQK\nvQ/zGmp4Z8d+1rbsCzuKiEhaKvQ+3Hj+GQwpKuCRxq1hRxERSUuF3oeRpQmunz6eJ1a18Mkx3URa\nRHKbCj2Necla9n3Swe/Wfxx2FBGRPqnQ0/jS5NFUl5eyWMsuIpLjVOhpFBQY85I1LN+0k5Y9uom0\niOQuFXoGbp1Vgzss0d2MRCSHpS10M6s1s2Vmtt7M1pnZXT2e+46ZvRNs/6vsRg1PbUUZF08ZzeKm\nrXR16Zx0EclNmRyhdwD3uHs9cBFwp5nVm9kVwM3A+e4+DfjrLOYM3fxkLVt3H2aFbiItIjkqbaG7\n+3Z3Xxk83g9sAKqBO4C/dPcjwXOt2QwatmunjWd4SZGGoyKSs05pDd3M6oCZwArgbOBSM1thZi+b\n2QUDHy93lCQKuen8M3h27Xb2fXIs7DgiIp+TcaGb2TBgCXC3u+8DioAKUssw/wl4xMzsJK9bYGaN\nZtbY1hbt64vPT9byybEunlmzPewoIiKfk1Ghm1mCVJk/7O5Lg83NwFJPeQPoAsac+Fp3f8Ddk+6e\nrKysHKjcoTivZiRnjxumSwGISE7K5CwXAxYBG9z9/h5PPQ5cEexzNlAM7MxGyFxhZsxP1vLWR3vY\n1Lo/7DgiIp+RyRH6xcBtwBwzWxV83QA8CEw2s7XAb4Cvex5cZ/aWmdUU6SbSIpKDitLt4O7Lgc+t\njQf+dGDj5L4xw4Yw55yxLFnZwn+8diqJQn02S0Ryg9qoH+Yna9l54AgvvxvtIa+IxIsKvR9mT62k\ncvgQDUdFJKeo0PuhqLCAr8ys5qV3Wtmpm0iLSI5QoffTvGQNHV3O42+1hB1FRARQoffblLHDmTWh\nnH9+UzeRFpHcoEI/DfOStWxsPcDq5r1hRxERUaGfjrnnVVGSKNAFu0QkJ6jQT8PwkgQ3TK/iyVXb\nOHxUN5EWkXCp0E/TvGQt+4908Py6HWFHEZE8p0I/TV+cVMGEijIWN2nZRUTCpUI/TQUFxlcbanht\n0y627j4UdhwRyWMq9AFwa0MNZrBkpS7YJSLhUaEPgOryUi6ZMobFjc26ibSIhEaFPkDmJWtp2XOY\nP3ywK+woIpKnVOgD5Jr6cYzQTaRFJEQq9AFSkijklpnV/HbtDvYe1k2kRWTwqdAH0LyGWo50dPHU\n6m1hRxGRPKRCH0DTq0dwzvjhLG7S2S4iMvhU6AOo+ybSq7fu4d0duom0iAwuFfoAu2VmNaWJQu5/\n4d2wo4hInlGhD7CKocV858opPL/uY/7l3daw44hIHlGhZ8Htl0xm8pih3PfkOo506CqMIjI4VOhZ\nUFxUwH03TWPzrkP86tUPw44jInlChZ4ll51dyfXTx/PLlzbS3K6LdolI9qUtdDOrNbNlZrbezNaZ\n2V0nPH+PmbmZjclezGj6r3PrMYwfP70h7CgikgcyOULvAO5x93rgIuBOM6uHVNkD1wAfZS9idFWX\nl/LtOVN4bt0OXn6vLew4IhJzaQvd3be7+8rg8X5gA1AdPP1z4HuALjHYi9svnaQBqYgMilNaQzez\nOmAmsMLMbgZa3H11mtcsMLNGM2tsa8u/o9QhRYXcd9M0Ptx5UANSEcmqjAvdzIYBS4C7SS3D/AC4\nN93r3P0Bd0+6e7KysrLfQaPssrMruW5aakDasudw2HFEJKYyKnQzS5Aq84fdfSlwJjAJWG1mm4Ea\nYKWZjc9W0Kj74Y31APz3p9aHnERE4iqTs1wMWARscPf7Adz9bXcf6+517l4HNAOz3H1HVtNGWHV5\nKd+Zc5YGpCKSNZkcoV8M3AbMMbNVwdcNWc4VS7dfOolJGpCKSJZkcpbLcnc3dz/P3WcEX8+esE+d\nu+/MXsx40IBURLJJnxQdZJdrQCoiWaJCD0H3gPTHT2tAKiIDR4Uegu4B6W/X7uAVDUhFZICo0EOi\nAamIDDQVekiGFBWy8MZ6Pth5kEXLNSAVkdOnQg/R7KljuXbaOH754iYNSEXktKnQQ/bDufU4zk+e\n0YBURE6PCj1kNaPK+PYVU3j27R28ulEDUhHpPxV6DvjGZZOpG13Gwic0IBWR/lOh54DuT5BqQCoi\np0OFniNmTx3LNfWpAek2DUhFpB9U6Dmke0D6Yw1IRaQfVOg5pLaijDtna0AqIv2jQs8xnw5In1zH\n0Y6usOOISISo0HNMSaKQhTdN44M2DUhF5NSo0HPQFcGA9H+9uFEDUhHJmAo9R/1wbj1d7vzkmQ1h\nRxGRiFCh56jaitQnSJ95ezvLN+pmUCKSngo9h33jsslMHF3GvU+u1YBURNJSoeewkkTwCVINSEUk\nAyr0HHfF1LFcXT+OX76kAamI9E2FHgH3zq2ns0sDUhHpmwo9AmoryrhTA1IRSSNtoZtZrZktM7P1\nZrbOzO4Ktv/MzN4xszVm9piZlWc/bv5aoAGpiKSRyRF6B3CPu9cDFwF3mlk98AIw3d3PA94Dvp+9\nmFKSCO5B2naQB1/TgFREPi9tobv7dndfGTzeD2wAqt39d+7eEez2R6AmezEFYM4547jq3NQnSLfv\n1YBURD7rlNbQzawOmAmsOOGpfw/8dmAiSV8W3pgakP5YA1IROUHGhW5mw4AlwN3uvq/H9v9Calnm\n4V5et8DMGs2ssa1Nl4Q9XbUVZXxr9hSeWbOd1zZpQCoix2VU6GaWIFXmD7v70h7b/y0wF/g37u4n\ne627P+DuSXdPVlZWDkBk+bPLJzOhoox7n9CAVESOy+QsFwMWARvc/f4e268Dvgfc5O6HshdRTpT6\nBGk977cd5O81IBWRQCZH6BcDtwFzzGxV8HUD8L+B4cALwbb/k82g8lndA9K/0YBURAKZnOWy3N3N\n3c9z9xnB17PuPsXda3ts++ZgBJbjugek+gSpiIA+KRpp3QPSpzUgFRFU6JHXPSDVPUhFRIUecd0D\n0k2tBzQgFclzKvQYSA1Ix2pAKpLnVOgxce/caXRoQCqS11ToMTFhdBnfmn0mT6/ZzusakIrkJRV6\njHzz8jOprSjlXg1IRfKSCj1GShKF3HfjNDa1HuAfXteAVCTfqNBj5spzx3HlOWP5xe83smPvJ2HH\nEZFBpEKPoYU3BgPSZzUgFcknKvQYmjC6jDsuP5OnVm/j9fc1IBXJFyr0mLpjdjAgfWIdxzo1IBXJ\nByr0mCpJFLJw7jR9glQkj6jQY+yq+tSA9G80IBXJCyr0mFt44zSOaUAqkhdU6DGnAalI/lCh54Hu\nAelCDUhFYk2Fnge6B6QbWw/wD69tDjuOiGSJCj1PXFU/jjnnjOUXv3+Pj/dpQCoSRyr0PLLwxvrU\ngFSX2BWJJRV6Hpk4eijfvPxMnly9jT+8vyvsOCIywFToeeZbs8+kZlQp9z6xVgNSkZhRoeeZkkQh\nC29MDUgfen1z2HFEZACp0PPQVeeO5Yqplfz8BQ1IReIkbaGbWa2ZLTOz9Wa2zszuCrZXmNkLZrYx\n+HdU9uPKQDAz7rsp9QnSn+oTpCKxkckRegdwj7vXAxcBd5pZPfAXwIvufhbwYvC9RMTE0UP55mWT\neWKVBqQicZG20N19u7uvDB7vBzYA1cDNwEPBbg8Bt2QrpGTHHbOnUDOqlAX/2MjtDzXyf19+n6Yt\n7Rzp6Aw7moj0g7l75jub1QGvANOBj9y9PNhuQHv39ye8ZgGwAGDChAkNW7ZsOf3UMmA2bN/Hg8s/\npGlLOx/sPAhAcVEBM2rKaagbxQV1o2iYUMHIskTISUXyl5k1uXsy7X6ZFrqZDQNeBn7i7kvNbE/P\nAjezdnfvcx09mUx6Y2NjRr9PBt/OA0do2tJO4+bdNG5pZ23LXo51pv7/OHvcMBomVnBB3SiSEyuo\nrSgl9T4uItmWaaEXZfjDEsAS4GF3Xxps/tjMqtx9u5lVAa39jyu5YMywIVw7bTzXThsPwOGjnaxu\n3kPTlnbe3Lybp9ds49dvfATA2OFDSAblnqwbRX3VCIoKddKUSJjSFnqwnLII2ODu9/d46kng68Bf\nBv8+kZWEEprS4kIumjyaiyaPBqCry3mvdT+Nm48fxT/79g4AyooLmVFbTrKuguTEUcycUM7wEi3T\niAymtEsuZnYJ8CrwNtD90cIfACuAR4AJwBZgvrvv7utnacklfnbs/YTGLbtTJb9lN+u37aPLocDg\nnPEjUmvwdamlmqqRpWHHFYmkAV9DHwgq9Pg7cKSDVR/t4c3Nu2na0s7Kj9o5dDR11kx1eWmwTDOK\nZF0FZ48bTmGB1uFF0hnQNXSRTA0bUsQlZ43hkrPGANDR2cU7O/bzZrBE88cPdvHEqm0ADB9SxKyJ\nxwt+Rm05pcWFYcYXiTQdocugcnea2w/TuGU3b25up2lzO+9+vB+AogJjWvVILpg4imTdKBomVlA5\nfEjIiUXCpyUXiYy9h46x8qP2T4/iV2/dw5GO1LimbnTZp4PWZF0FZ1YO1emSkndU6BJZRzu6WLtt\nb+pMms3tNG5pZ/fBowCMLE1QXpYgUVhAorCA4kI7/rio+9/j2z6zT9HnX5MoOuH7k76+gESwrbjH\n70n0eJ1mAZJNWkOXyCouKmDWhFHMmjCKBZellmk+3HmQxs3trG7ew8EjHRzrdI52dnGs+6vD2Xv4\n2PHvO52jHV3H9+no+vQ12VBYYJ8WfPGnbxZGoVnavygyeivIYKd0u2Tyl43elrLnp1/5AhfUVWT1\nd6jQJeeZGZMrhzG5chjzL6g9rZ/l7nR0+advAp95U+js4miHH38cvDGk3gyOf3+0o+uz+3zuNce3\ndXT1/RdwJn8fZ/JXdNo9MvhFnlEa6a/SRPYH/ip0yStmx4+kKQ47jcjA0me1RURiQoUuIhITKnQR\nkZhQoYuIxIQKXUQkJlToIiIxoUIXEYkJFbqISEwM6rVczKyN1M0w+mMMsHMA42RblPJGKStEK2+U\nskK08kYpK5xe3onuXplup0Et9NNhZo2ZXJwmV0Qpb5SyQrTyRikrRCtvlLLC4OTVkouISEyo0EVE\nYiJKhf5A2AFOUZTyRikrRCtvlLJCtPJGKSsMQt7IrKGLiEjfonSELiIifYhEoZvZdWb2rpltMrO/\nCDtPX8zsQTNrNbO1YWdJx8xqzWyZma03s3VmdlfYmXpjZiVm9oaZrQ6y/ijsTOmYWaGZvWVmT4ed\nJR0z22xmb5vZKjPL+ftEmlm5mT1qZu+Y2QYz+1LYmU7GzKYG/027v/aZ2d1Z+325vuRiZoXAe8DV\nQDPwJvA1d18farBemNllwAHgH919eth5+mJmVUCVu680s+FAE3BLLv63tdT904a6+wEzSwDLgbvc\n/Y8hR+uVmX0XSAIj3H1u2Hn6YmabgaS7R+K8bjN7CHjV3X9lZsVAmbvvCTtXX4IuawG+6O79/TxO\nn6JwhH4hsMndP3D3o8BvgJtDztQrd38F2B12jky4+3Z3Xxk83g9sAKrDTXVynnIg+DYRfOXs0YiZ\n1QBfBn4Vdpa4MbORwGXAIgB3P5rrZR64Eng/W2UO0Sj0amBrj++bydHSiTIzqwNmAivCTdK7YAlj\nFdAKvODuOZsV+AXwPSA7d6UeeA78zsyazGxB2GHSmAS0AX8fLGn9ysyGhh0qA38C/DqbvyAKhS5Z\nZmbDgCXA3e6+L+w8vXH3TnefAdQAF5pZTi5pmdlcoNXdm8LOcgoucfdZwPXAncHSYa4qAmYBf+fu\nM4GDQK7P1oqBm4DF2fw9USj0FqDnrd5rgm0yAIL16CXAw+6+NOw8mQj+vF4GXBd2ll5cDNwUrEv/\nBphjZv8v3Eh9c/eW4N9W4DFSS525qhlo7vEX2qOkCj6XXQ+sdPePs/lLolDobwJnmdmk4F3uT4An\nQ84UC8GgcRGwwd3vDztPX8ys0szKg8elpIbk74Sb6uTc/fvuXuPudaT+f33J3f805Fi9MrOhwVCc\nYOniGiBnz9Jy9x3AVjObGmy6Esi5Qf4JvkaWl1sg9adLTnP3DjP7NvA8UAg86O7rQo7VKzP7NTAb\nGGNmzcBCd18UbqpeXQzcBrwdrE0D/MDdnw0xU2+qgIeCMwUKgEfcPedPB4yIccBjqfd3ioB/cvfn\nwo2U1neAh4ODvA+Afxdynl4Fb5JXA3+W9d+V66ctiohIZqKw5CIiIhlQoYuIxIQKXUQkJlToIiIx\noUIXEYkJFbqISEyo0EVEYkKFLiISE/8fu5mVpmByPIQAAAAASUVORK5CYII=\n",
            "text/plain": [
              "<Figure size 432x288 with 1 Axes>"
            ]
          },
          "metadata": {
            "tags": []
          }
        },
        {
          "output_type": "display_data",
          "data": {
